2016 01 02 04 52
2016 01 07 07 24
2016 01 07 21 14
2016 01 09 04 47
2016 01 09 05 40
2016 01 10 00 51
2016 01 11 23 24
2016 01 13 23 52
2016 01 14 03 55
2016 01 14 07 03
2016 01 16 04 50
2016 01 22 15 14
2016 01 24 13 06
2016 01 25 22 33
2016 01 26 06 11
2016 01 28 08 09
2016 02 08 02 04
2016 02 12 20 17
2016 02 14 05 33
2016 02 14 21 42
2016 02 14 23 30
2016 02 16 00 10
2016 02 16 20 08
2016 02 17 21 42
2016 02 25 01 53
2016 02 28 07 48
2016 03 04 06 43
2016 03 04 23 33
2016 03 05 06 50
2016 03 06 12 57
2016 03 06 12 59
2016 03 10 01 22
2016 03 12 10 54
2016 03 13 19 29
2016 03 14 12 45
2016 03 20 03 32
2016 03 20 05 33
2016 03 28 10 12
2016 04 05 09 02
2016 04 05 15 48
2016 04 07 13 19
2016 04 10 19 01
2016 04 12 21 55
2016 04 13 15 12
2016 04 14 07 55
2016 04 14 20 41
2016 04 17 12 18
2016 04 19 04 30
2016 04 20 18 01
2016 04 21 18 23
2016 04 23 13 34
2016 04 25 03 26
2016 04 25 15 31
2016 04 28 06 51
2016 04 28 20 10
2016 05 01 18 49
2016 05 04 05 29
2016 05 07 07 29
2016 05 08 02 35
2016 05 09 19 13
2016 05 10 18 48
2016 05 13 16 03
2016 05 13 23 53
2016 05 14 18 57
2016 05 16 23 25
2016 05 19 16 17
2016 05 19 20 42
2016 05 21 01 22
2016 05 22 12 59
2016 05 22 19 22
2016 05 24 20 45
2016 05 25 01 51
2016 05 26 12 44
2016 05 26 21 52
2016 05 27 19 43
2016 05 28 03 52
2016 06 01 07 34
2016 06 03 14 10
2016 06 04 05 27
2016 06 05 10 11
2016 06 05 22 32
2016 06 07 06 38
2016 06 09 23 40
2016 06 11 03 16
2016 06 13 03 42
2016 06 14 05 46
2016 06 14 06 36
2016 06 15 21 59
2016 06 17 05 22
2016 06 18 07 56
2016 06 20 21 40
2016 06 22 17 15
2016 06 23 23 08
2016 06 25 04 57
2016 06 25 13 58
2016 06 26 10 49
2016 07 01 23 57
2016 07 03 00 23
2016 07 03 15 03
2016 07 03 16 16
2016 07 03 18 08
2016 07 03 21 23
2016 07 08 06 07
2016 07 08 19 10
2016 07 10 02 01
2016 07 12 08 23
2016 07 13 20 45
2016 07 13 22 01
2016 07 14 16 22
2016 07 19 16 41
2016 07 20 22 38
2016 07 23 12 12
2016 07 23 21 39
2016 08 02 03 25
2016 08 03 17 56
2016 08 03 23 24
2016 08 04 05 58
2016 08 07 07 34
2016 08 08 00 14
2016 08 09 22 28
2016 08 11 03 15
2016 08 11 06 05
2016 08 12 00 42
2016 08 13 23 53
2016 08 14 14 39
2016 08 16 18 24
2016 08 17 10 36
2016 08 18 15 52
2016 08 19 00 40
2016 08 20 23 47
2016 08 23 05 01
2016 08 23 11 11
2016 08 25 05 29
2016 08 27 01 33
2016 08 28 19 22
2016 09 03 14 08
2016 09 04 07 26
2016 09 04 08 05
2016 09 06 07 01
2016 09 06 11 26
2016 09 07 10 29
2016 09 07 11 04
2016 09 08 06 03
2016 09 09 19 17
2016 09 10 06 25
2016 09 10 10 07
2016 09 12 22 02
2016 09 17 00 15
2016 09 19 09 15
2016 09 19 15 25
2016 09 19 16 03
2016 09 25 16 38
2016 10 02 04 29
2016 10 05 04 35
2016 10 07 00 00
2016 10 07 21 52
2016 10 08 08 35
2016 10 09 01 55
2016 10 10 01 10
2016 10 11 07 12
2016 10 14 12 00
2016 10 14 21 43
2016 10 15 20 08
2016 10 16 01 30
2016 10 21 14 22
2016 10 25 00 27
2016 10 28 17 24
2016 11 02 01 39
2016 11 04 11 06
2016 11 08 20 18
2016 11 09 17 21
2016 11 11 07 46
2016 11 14 04 10
2016 11 15 05 32
2016 11 18 07 53
2016 11 19 10 09
2016 11 20 03 06
2016 11 22 17 03
2016 11 23 16 06
2016 11 24 12 17
2016 11 24 21 01
2016 11 25 11 25
2016 11 25 15 59
2016 11 26 09 02
2016 11 26 09 19
2016 11 27 06 45
2016 11 27 20 33
2016 11 28 03 44
2016 12 03 07 51
2016 12 06 20 09
2016 12 07 09 36
2016 12 13 05 27
2016 12 13 15 53
2016 12 14 14 10
2016 12 15 04 53
2016 12 17 03 56
2016 12 20 19 00
2016 12 23 05 44
2016 12 28 06 55
2016 12 28 15 38
