2016 01 01 00 30
2016 01 01 13 01
2016 01 04 09 21
2016 01 05 17 21
2016 01 06 22 02
2016 01 07 18 10
2016 01 07 22 00
2016 01 11 16 30
2016 01 15 16 21
2016 01 17 17 47
2016 01 20 11 35
2016 01 23 15 03
2016 01 25 06 38
2016 01 26 12 08
2016 02 03 16 57
2016 02 03 23 36
2016 02 04 00 46
2016 02 06 01 17
2016 02 06 18 00
2016 02 08 09 30
2016 02 08 17 53
2016 02 14 17 13
2016 02 16 13 15
2016 02 18 05 13
2016 02 19 07 13
2016 02 22 12 07
2016 02 25 07 54
2016 02 25 18 47
2016 03 02 17 33
2016 03 04 23 27
2016 03 07 20 50
2016 03 08 19 27
2016 03 10 15 24
2016 03 10 22 17
2016 03 11 08 28
2016 03 12 20 38
2016 03 15 13 27
2016 03 19 08 00
2016 03 19 12 44
2016 03 19 18 01
2016 03 22 09 52
2016 03 22 17 22
2016 03 23 06 56
2016 03 26 08 37
2016 04 02 16 18
2016 04 03 13 40
2016 04 03 16 17
2016 04 06 09 07
2016 04 07 15 49
2016 04 09 02 05
2016 04 10 08 43
2016 04 14 23 34
2016 04 17 13 37
2016 04 19 05 56
2016 04 19 21 28
2016 04 24 04 45
2016 04 24 19 20
2016 04 25 14 00
2016 05 02 12 05
2016 05 07 01 50
2016 05 10 09 53
2016 05 11 16 38
2016 05 11 22 32
2016 05 12 07 52
2016 05 17 04 42
2016 05 20 01 54
2016 05 20 22 44
2016 05 21 02 32
2016 05 21 14 36
2016 05 22 17 47
2016 05 23 05 33
2016 05 23 09 41
2016 05 23 12 33
2016 05 28 02 53
2016 05 28 17 49
2016 06 01 10 04
2016 06 04 03 20
2016 06 05 09 55
2016 06 11 06 07
2016 06 12 07 49
2016 06 12 10 48
2016 06 12 13 57
2016 06 12 17 40
2016 06 15 10 46
2016 06 18 11 34
2016 06 19 04 43
2016 06 21 06 09
2016 06 21 12 39
2016 06 21 20 20
2016 07 04 14 33
2016 07 04 19 04
2016 07 04 22 39
2016 07 05 06 36
2016 07 09 05 51
2016 07 09 12 44
2016 07 09 20 52
2016 07 10 12 53
2016 07 11 01 13
2016 07 11 03 47
2016 07 11 04 18
2016 07 14 20 47
2016 07 15 08 04
2016 07 16 02 10
2016 07 16 10 02
2016 07 17 00 52
2016 07 20 01 40
2016 07 21 05 50
2016 07 21 11 04
2016 07 22 15 18
2016 07 23 04 33
2016 07 23 19 08
2016 07 24 01 02
2016 07 24 16 15
2016 07 25 20 30
2016 07 27 02 25
2016 08 01 01 15
2016 08 02 18 48
2016 08 03 09 18
2016 08 03 10 04
2016 08 04 13 47
2016 08 08 01 12
2016 08 09 00 31
2016 08 09 09 40
2016 08 10 20 52
2016 08 11 08 53
2016 08 11 18 32
2016 08 14 03 59
2016 08 16 11 26
2016 08 17 04 16
2016 08 17 14 06
2016 08 17 21 46
2016 08 18 13 56
2016 08 20 22 59
2016 08 22 22 14
2016 08 23 06 08
2016 08 23 08 16
2016 08 24 17 32
2016 08 25 22 30
2016 09 02 06 22
2016 09 02 13 14
2016 09 04 19 47
2016 09 04 21 48
2016 09 05 08 40
2016 09 05 20 55
2016 09 08 07 30
2016 09 17 12 54
2016 09 18 03 11
2016 09 18 16 46
2016 09 21 21 15
2016 09 24 07 08
2016 09 24 21 03
2016 09 26 10 00
2016 09 26 22 32
2016 09 28 16 54
2016 10 02 03 31
2016 10 02 18 24
2016 10 03 08 48
2016 10 04 12 54
2016 10 05 08 12
2016 10 08 07 46
2016 10 09 06 50
2016 10 11 15 00
2016 10 11 16 37
2016 10 13 09 26
2016 10 15 04 08
2016 10 16 22 20
2016 10 17 01 04
2016 10 18 08 08
2016 10 18 19 49
2016 10 26 23 42
2016 11 02 01 36
2016 11 02 07 24
2016 11 02 18 23
2016 11 04 02 15
2016 11 09 20 57
2016 11 13 10 13
2016 11 16 05 01
2016 11 17 01 28
2016 11 17 21 16
2016 11 19 04 41
2016 11 22 07 02
2016 11 24 03 12
2016 11 24 04 24
2016 11 26 17 38
2016 11 28 12 30
2016 12 01 19 43
2016 12 01 22 33
2016 12 02 10 21
2016 12 03 13 52
2016 12 05 10 43
2016 12 08 17 41
2016 12 08 19 37
2016 12 08 19 54
2016 12 18 08 47
2016 12 19 17 43
2016 12 20 04 37
2016 12 20 11 39
2016 12 20 17 22
2016 12 26 03 57
2016 12 27 16 46
